{
  "metric": "centered_cosine",
  "model": "glm",
  "layers": [
    10,
    20,
    30
  ],
  "params": [
    "input_layernorm",
    "post_attention_layernorm",
    "k_proj",
    "v_proj"
  ],
  "mats": {
    "input_layernorm": [
      [
        1.0,
        0.7720384001731873,
        0.6463942527770996
      ],
      [
        0.7720384001731873,
        1.0,
        0.622166633605957
      ],
      [
        0.6463942527770996,
        0.622166633605957,
        1.0
      ]
    ],
    "post_attention_layernorm": [
      [
        1.0,
        0.8332275152206421,
        0.6151060461997986
      ],
      [
        0.8332275152206421,
        1.0,
        0.8835627436637878
      ],
      [
        0.6151060461997986,
        0.8835627436637878,
        1.0
      ]
    ],
    "k_proj": [
      [
        1.0,
        0.00046459739678539336,
        0.00014066648145671934
      ],
      [
        0.00046459739678539336,
        1.0,
        5.295074515743181e-05
      ],
      [
        0.00014066648145671934,
        5.295074515743181e-05,
        1.0
      ]
    ],
    "v_proj": [
      [
        1.0,
        0.00013674590445589274,
        1.152390814240789e-05
      ],
      [
        0.00013674590445589274,
        1.0,
        0.0008368412964046001
      ],
      [
        1.152390814240789e-05,
        0.0008368412964046001,
        1.0
      ]
    ]
  }
}