{
  "metric": "centered_cosine",
  "model": "phi",
  "layers": [
    10,
    20,
    30
  ],
  "params": [
    "input_layernorm",
    "post_attention_layernorm",
    "k_proj",
    "v_proj"
  ],
  "mats": {
    "input_layernorm": [
      [
        1.0,
        0.7401344776153564,
        0.26139912009239197
      ],
      [
        0.7401344776153564,
        1.0,
        0.3707323968410492
      ],
      [
        0.26139912009239197,
        0.3707323968410492,
        1.0
      ]
    ],
    "post_attention_layernorm": [
      [
        1.0,
        0.7435853481292725,
        0.2482387125492096
      ],
      [
        0.7435853481292725,
        1.0,
        0.4834163188934326
      ],
      [
        0.2482387125492096,
        0.4834163188934326,
        1.0
      ]
    ],
    "k_proj": [
      [
        1.0,
        -0.00019772202358581126,
        7.370033563347533e-05
      ],
      [
        -0.00019772202358581126,
        1.0,
        -0.0016032678540796041
      ],
      [
        7.370033563347533e-05,
        -0.0016032678540796041,
        1.0
      ]
    ],
    "v_proj": [
      [
        1.0,
        -0.00030373901245184243,
        0.0003946081851609051
      ],
      [
        -0.00030373901245184243,
        1.0,
        -0.0006440583383664489
      ],
      [
        0.0003946081851609051,
        -0.0006440583383664489,
        1.0
      ]
    ]
  }
}