{
  "metric": "centered_cosine",
  "model": "solar",
  "layers": [
    10,
    20,
    30
  ],
  "params": [
    "input_layernorm",
    "post_attention_layernorm",
    "k_proj",
    "v_proj"
  ],
  "mats": {
    "input_layernorm": [
      [
        1.0,
        0.45671194791793823,
        0.35358014702796936
      ],
      [
        0.45671194791793823,
        1.0,
        0.6321002840995789
      ],
      [
        0.35358014702796936,
        0.6321002840995789,
        1.0
      ]
    ],
    "post_attention_layernorm": [
      [
        1.0,
        0.8438318371772766,
        0.5835159420967102
      ],
      [
        0.8438318371772766,
        1.0,
        0.7995765805244446
      ],
      [
        0.5835159420967102,
        0.7995765805244446,
        1.0
      ]
    ],
    "k_proj": [
      [
        1.0,
        0.0006064768531359732,
        0.0007328892243094742
      ],
      [
        0.0006064768531359732,
        1.0,
        0.0012485539773479104
      ],
      [
        0.0007328892243094742,
        0.0012485539773479104,
        1.0
      ]
    ],
    "v_proj": [
      [
        1.0,
        0.0005309053231030703,
        -0.0006204003002494574
      ],
      [
        0.0005309053231030703,
        1.0,
        3.3227523090317845e-05
      ],
      [
        -0.0006204003002494574,
        3.3227523090317845e-05,
        1.0
      ]
    ]
  }
}