{
  "metric": "p99_abs_diff",
  "model": "glm",
  "layers": [
    10,
    20,
    30
  ],
  "params": [
    "input_layernorm",
    "post_attention_layernorm",
    "k_proj",
    "v_proj"
  ],
  "mats": {
    "input_layernorm": [
      [
        0.0,
        0.16425800323486328,
        0.3166017532348633
      ],
      [
        0.16425800323486328,
        0.0,
        0.15234375
      ],
      [
        0.3166017532348633,
        0.15234375,
        0.0
      ]
    ],
    "post_attention_layernorm": [
      [
        0.0,
        0.44570350646972656,
        0.734375
      ],
      [
        0.44570350646972656,
        0.0,
        0.28867149353027344
      ],
      [
        0.734375,
        0.28867149353027344,
        0.0
      ]
    ],
    "k_proj": [
      [
        0.0,
        0.01708984375,
        0.0263671875
      ],
      [
        0.01708984375,
        0.0,
        0.00927734375
      ],
      [
        0.0263671875,
        0.00927734375,
        0.0
      ]
    ],
    "v_proj": [
      [
        0.0,
        0.0068359375,
        0.011474609375
      ],
      [
        0.0068359375,
        0.0,
        0.004638671875
      ],
      [
        0.011474609375,
        0.004638671875,
        0.0
      ]
    ]
  }
}