{
  "metric": "rel_l2",
  "model": "phi",
  "layers": [
    10,
    20,
    30
  ],
  "params": [
    "input_layernorm",
    "post_attention_layernorm",
    "k_proj",
    "v_proj"
  ],
  "mats": {
    "input_layernorm": [
      [
        0.0,
        0.5283722281455994,
        0.38723140954971313
      ],
      [
        0.5283722281455994,
        0.0,
        0.15177981555461884
      ],
      [
        0.38723140954971313,
        0.15177981555461884,
        0.0
      ]
    ],
    "post_attention_layernorm": [
      [
        0.0,
        0.8362290263175964,
        2.070613145828247
      ],
      [
        0.8362290263175964,
        0.0,
        0.6781169772148132
      ],
      [
        2.070613145828247,
        0.6781169772148132,
        0.0
      ]
    ],
    "k_proj": [
      [
        0.0,
        1.2449500560760498,
        1.2397241592407227
      ],
      [
        1.2449500560760498,
        0.0,
        1.4072219133377075
      ],
      [
        1.2397241592407227,
        1.4072219133377075,
        0.0
      ]
    ],
    "v_proj": [
      [
        0.0,
        1.7266874313354492,
        2.0032200813293457
      ],
      [
        1.7266874313354492,
        0.0,
        1.5885478258132935
      ],
      [
        2.0032200813293457,
        1.5885478258132935,
        0.0
      ]
    ]
  }
}