{
  "metric": "rel_l2",
  "model": "glm",
  "layers": [
    10,
    20,
    30
  ],
  "params": [
    "input_layernorm",
    "post_attention_layernorm",
    "k_proj",
    "v_proj"
  ],
  "mats": {
    "input_layernorm": [
      [
        0.0,
        0.3103562891483307,
        0.5636511445045471
      ],
      [
        0.3103562891483307,
        0.0,
        0.20927318930625916
      ],
      [
        0.5636511445045471,
        0.20927318930625916,
        0.0
      ]
    ],
    "post_attention_layernorm": [
      [
        0.0,
        0.45693379640579224,
        0.7958944439888
      ],
      [
        0.45693379640579224,
        0.0,
        0.23557114601135254
      ],
      [
        0.7958944439888,
        0.23557114601135254,
        0.0
      ]
    ],
    "k_proj": [
      [
        0.0,
        1.2920259237289429,
        1.2304773330688477
      ],
      [
        1.2920259237289429,
        0.0,
        1.3294273614883423
      ],
      [
        1.2304773330688477,
        1.3294273614883423,
        0.0
      ]
    ],
    "v_proj": [
      [
        0.0,
        1.6315078735351562,
        1.770986795425415
      ],
      [
        1.6315078735351562,
        0.0,
        1.511101245880127
      ],
      [
        1.770986795425415,
        1.511101245880127,
        0.0
      ]
    ]
  }
}