{
  "metric": "rel_l2",
  "model": "solar",
  "layers": [
    10,
    20,
    30
  ],
  "params": [
    "input_layernorm",
    "post_attention_layernorm",
    "k_proj",
    "v_proj"
  ],
  "mats": {
    "input_layernorm": [
      [
        0.0,
        0.3950536549091339,
        0.30028387904167175
      ],
      [
        0.3950536549091339,
        0.0,
        0.12181322276592255
      ],
      [
        0.30028387904167175,
        0.12181322276592255,
        0.0
      ]
    ],
    "post_attention_layernorm": [
      [
        0.0,
        0.38264715671539307,
        0.9102758765220642
      ],
      [
        0.38264715671539307,
        0.0,
        0.38657891750335693
      ],
      [
        0.9102758765220642,
        0.38657891750335693,
        0.0
      ]
    ],
    "k_proj": [
      [
        0.0,
        1.420809268951416,
        1.396557092666626
      ],
      [
        1.420809268951416,
        0.0,
        1.3895310163497925
      ],
      [
        1.396557092666626,
        1.3895310163497925,
        0.0
      ]
    ],
    "v_proj": [
      [
        0.0,
        1.3016135692596436,
        1.4530446529388428
      ],
      [
        1.3016135692596436,
        0.0,
        1.6114881038665771
      ],
      [
        1.4530446529388428,
        1.6114881038665771,
        0.0
      ]
    ]
  }
}