{
  "metric": "pearson",
  "model": "phi",
  "layers": [
    10,
    20,
    30
  ],
  "params": [
    "input_layernorm",
    "post_attention_layernorm",
    "k_proj",
    "v_proj"
  ],
  "mats": {
    "input_layernorm": [
      [
        1.0,
        0.7401344776153564,
        0.26139912009239197
      ],
      [
        0.7401344776153564,
        1.0,
        0.3707324266433716
      ],
      [
        0.26139912009239197,
        0.3707324266433716,
        1.0
      ]
    ],
    "post_attention_layernorm": [
      [
        1.0,
        0.7435854077339172,
        0.2482387125492096
      ],
      [
        0.7435854077339172,
        1.0,
        0.4834163188934326
      ],
      [
        0.2482387125492096,
        0.4834163188934326,
        1.0
      ]
    ],
    "k_proj": [
      [
        1.0,
        -0.0001977219944819808,
        7.37002701498568e-05
      ],
      [
        -0.0001977219944819808,
        1.0,
        -0.001603267970494926
      ],
      [
        7.37002701498568e-05,
        -0.001603267970494926,
        1.0
      ]
    ],
    "v_proj": [
      [
        1.0,
        -0.00030373912886716425,
        0.00039460830157622695
      ],
      [
        -0.00030373912886716425,
        1.0,
        -0.0006440584547817707
      ],
      [
        0.00039460830157622695,
        -0.0006440584547817707,
        1.0
      ]
    ]
  }
}