{
  "metric": "pearson",
  "model": "glm",
  "layers": [
    10,
    20,
    30
  ],
  "params": [
    "input_layernorm",
    "post_attention_layernorm",
    "k_proj",
    "v_proj"
  ],
  "mats": {
    "input_layernorm": [
      [
        1.0,
        0.7720383405685425,
        0.6463942527770996
      ],
      [
        0.7720383405685425,
        1.0,
        0.6221665143966675
      ],
      [
        0.6463942527770996,
        0.6221665143966675,
        1.0
      ]
    ],
    "post_attention_layernorm": [
      [
        1.0,
        0.8332273960113525,
        0.6151060461997986
      ],
      [
        0.8332273960113525,
        1.0,
        0.8835625648498535
      ],
      [
        0.6151060461997986,
        0.8835625648498535,
        1.0
      ]
    ],
    "k_proj": [
      [
        1.0,
        0.00046459760051220655,
        0.0001406664669048041
      ],
      [
        0.00046459760051220655,
        1.0,
        5.295086884871125e-05
      ],
      [
        0.0001406664669048041,
        5.295086884871125e-05,
        1.0
      ]
    ],
    "v_proj": [
      [
        1.0,
        0.00013674586080014706,
        1.1523945431690663e-05
      ],
      [
        0.00013674586080014706,
        1.0,
        0.0008368413546122611
      ],
      [
        1.1523945431690663e-05,
        0.0008368413546122611,
        1.0
      ]
    ]
  }
}