{
  "metric": "mean_abs_diff",
  "model": "solar",
  "layers": [
    10,
    20,
    30
  ],
  "params": [
    "input_layernorm",
    "post_attention_layernorm",
    "k_proj",
    "v_proj"
  ],
  "mats": {
    "input_layernorm": [
      [
        0.0,
        0.08945269882678986,
        0.06408955156803131
      ],
      [
        0.08945269882678986,
        0.0,
        0.03216785192489624
      ],
      [
        0.06408955156803131,
        0.03216785192489624,
        0.0
      ]
    ],
    "post_attention_layernorm": [
      [
        0.0,
        0.1288175880908966,
        0.3086960017681122
      ],
      [
        0.1288175880908966,
        0.0,
        0.1799718737602234
      ],
      [
        0.3086960017681122,
        0.1799718737602234,
        0.0
      ]
    ],
    "k_proj": [
      [
        0.0,
        0.03568331152200699,
        0.03559155762195587
      ],
      [
        0.03568331152200699,
        0.0,
        0.035723261535167694
      ],
      [
        0.03559155762195587,
        0.035723261535167694,
        0.0
      ]
    ],
    "v_proj": [
      [
        0.0,
        0.01470762025564909,
        0.016547229140996933
      ],
      [
        0.01470762025564909,
        0.0,
        0.015303103253245354
      ],
      [
        0.016547229140996933,
        0.015303103253245354,
        0.0
      ]
    ]
  }
}