{
  "metric": "mean_abs_diff",
  "model": "phi",
  "layers": [
    10,
    20,
    30
  ],
  "params": [
    "input_layernorm",
    "post_attention_layernorm",
    "k_proj",
    "v_proj"
  ],
  "mats": {
    "input_layernorm": [
      [
        0.0,
        0.16724419593811035,
        0.11439812183380127
      ],
      [
        0.16724419593811035,
        0.0,
        0.05903613567352295
      ],
      [
        0.11439812183380127,
        0.05903613567352295,
        0.0
      ]
    ],
    "post_attention_layernorm": [
      [
        0.0,
        0.22820991277694702,
        0.5662527084350586
      ],
      [
        0.22820991277694702,
        0.0,
        0.33885982632637024
      ],
      [
        0.5662527084350586,
        0.33885982632637024,
        0.0
      ]
    ],
    "k_proj": [
      [
        0.0,
        0.03243362903594971,
        0.03294623643159866
      ],
      [
        0.03243362903594971,
        0.0,
        0.027881722897291183
      ],
      [
        0.03294623643159866,
        0.027881722897291183,
        0.0
      ]
    ],
    "v_proj": [
      [
        0.0,
        0.018991824239492416,
        0.02188565395772457
      ],
      [
        0.018991824239492416,
        0.0,
        0.024516193196177483
      ],
      [
        0.02188565395772457,
        0.024516193196177483,
        0.0
      ]
    ]
  }
}