{
  "metric": "cosine",
  "model": "solar",
  "layers": [
    10,
    20,
    30
  ],
  "params": [
    "input_layernorm",
    "post_attention_layernorm",
    "k_proj",
    "v_proj"
  ],
  "mats": {
    "input_layernorm": [
      [
        1.0,
        0.9881647825241089,
        0.9859190583229065
      ],
      [
        0.9881647825241089,
        1.0,
        0.9959684014320374
      ],
      [
        0.9859190583229065,
        0.9959684014320374,
        1.0
      ]
    ],
    "post_attention_layernorm": [
      [
        1.0,
        0.9977373480796814,
        0.9953435659408569
      ],
      [
        0.9977373480796814,
        1.0,
        0.9989360570907593
      ],
      [
        0.9953435659408569,
        0.9989360570907593,
        1.0
      ]
    ],
    "k_proj": [
      [
        1.0,
        0.0006067713256925344,
        0.0007335953414440155
      ],
      [
        0.0006067713256925344,
        1.0,
        0.0012488295324146748
      ],
      [
        0.0007335953414440155,
        0.0012488295324146748,
        1.0
      ]
    ],
    "v_proj": [
      [
        1.0,
        0.0005307436804287136,
        -0.0006203287048265338
      ],
      [
        0.0005307436804287136,
        1.0,
        3.306662256363779e-05
      ],
      [
        -0.0006203287048265338,
        3.306662256363779e-05,
        1.0
      ]
    ]
  }
}