{
  "metric": "cosine",
  "model": "phi",
  "layers": [
    10,
    20,
    30
  ],
  "params": [
    "input_layernorm",
    "post_attention_layernorm",
    "k_proj",
    "v_proj"
  ],
  "mats": {
    "input_layernorm": [
      [
        1.0,
        0.9964810609817505,
        0.9900566339492798
      ],
      [
        0.9964810609817505,
        1.0,
        0.9938809275627136
      ],
      [
        0.9900566339492798,
        0.9938809275627136,
        1.0
      ]
    ],
    "post_attention_layernorm": [
      [
        1.0,
        0.9966849088668823,
        0.9932034015655518
      ],
      [
        0.9966849088668823,
        1.0,
        0.9980913400650024
      ],
      [
        0.9932034015655518,
        0.9980913400650024,
        1.0
      ]
    ],
    "k_proj": [
      [
        1.0,
        -0.0001973502803593874,
        7.38619637559168e-05
      ],
      [
        -0.0001973502803593874,
        1.0,
        -0.0016030368860810995
      ],
      [
        7.38619637559168e-05,
        -0.0016030368860810995,
        1.0
      ]
    ],
    "v_proj": [
      [
        1.0,
        -0.00030382320983335376,
        0.0003943095216527581
      ],
      [
        -0.00030382320983335376,
        1.0,
        -0.0006435519317165017
      ],
      [
        0.0003943095216527581,
        -0.0006435519317165017,
        1.0
      ]
    ]
  }
}