{
  "metric": "cosine",
  "model": "glm",
  "layers": [
    10,
    20,
    30
  ],
  "params": [
    "input_layernorm",
    "post_attention_layernorm",
    "k_proj",
    "v_proj"
  ],
  "mats": {
    "input_layernorm": [
      [
        1.0,
        0.9981633424758911,
        0.9973601698875427
      ],
      [
        0.9981633424758911,
        1.0,
        0.9975560903549194
      ],
      [
        0.9973601698875427,
        0.9975560903549194,
        1.0
      ]
    ],
    "post_attention_layernorm": [
      [
        1.0,
        0.9981919527053833,
        0.9964632987976074
      ],
      [
        0.9981919527053833,
        1.0,
        0.9993336796760559
      ],
      [
        0.9964632987976074,
        0.9993336796760559,
        1.0
      ]
    ],
    "k_proj": [
      [
        1.0,
        0.00046540226321667433,
        0.00014042775728739798
      ],
      [
        0.00046540226321667433,
        1.0,
        5.28317759744823e-05
      ],
      [
        0.00014042775728739798,
        5.28317759744823e-05,
        1.0
      ]
    ],
    "v_proj": [
      [
        1.0,
        0.0001366258948110044,
        1.149835588876158e-05
      ],
      [
        0.0001366258948110044,
        1.0,
        0.0008368552662432194
      ],
      [
        1.149835588876158e-05,
        0.0008368552662432194,
        1.0
      ]
    ]
  }
}