{
  "metric": "cv_diff",
  "model": "glm",
  "layers": [
    10,
    20,
    30
  ],
  "params": [
    "input_layernorm",
    "post_attention_layernorm",
    "k_proj",
    "v_proj"
  ],
  "mats": {
    "input_layernorm": [
      [
        0.0,
        0.008713938295841217,
        0.0185072124004364
      ],
      [
        0.008713938295841217,
        0.0,
        0.009793274104595184
      ],
      [
        0.0185072124004364,
        0.009793274104595184,
        0.0
      ]
    ],
    "post_attention_layernorm": [
      [
        0.0,
        0.03180798888206482,
        0.051535360515117645
      ],
      [
        0.03180798888206482,
        0.0,
        0.019727371633052826
      ],
      [
        0.051535360515117645,
        0.019727371633052826,
        0.0
      ]
    ],
    "k_proj": [
      [
        0.0,
        788.5093383789062,
        4534.24755859375
      ],
      [
        788.5093383789062,
        0.0,
        3745.73828125
      ],
      [
        4534.24755859375,
        3745.73828125,
        0.0
      ]
    ],
    "v_proj": [
      [
        0.0,
        1707.803955078125,
        16100.15625
      ],
      [
        1707.803955078125,
        0.0,
        14392.3515625
      ],
      [
        16100.15625,
        14392.3515625,
        0.0
      ]
    ]
  }
}