{
  "metric": "cv_diff",
  "model": "solar",
  "layers": [
    10,
    20,
    30
  ],
  "params": [
    "input_layernorm",
    "post_attention_layernorm",
    "k_proj",
    "v_proj"
  ],
  "mats": {
    "input_layernorm": [
      [
        0.0,
        0.0755418911576271,
        0.06305507570505142
      ],
      [
        0.0755418911576271,
        0.0,
        0.012486815452575684
      ],
      [
        0.06305507570505142,
        0.012486815452575684,
        0.0
      ]
    ],
    "post_attention_layernorm": [
      [
        0.0,
        0.04190327227115631,
        0.06242261081933975
      ],
      [
        0.04190327227115631,
        0.0,
        0.02051933854818344
      ],
      [
        0.06242261081933975,
        0.02051933854818344,
        0.0
      ]
    ],
    "k_proj": [
      [
        0.0,
        1796.643798828125,
        78.07275390625
      ],
      [
        1796.643798828125,
        0.0,
        1718.571044921875
      ],
      [
        78.07275390625,
        1718.571044921875,
        0.0
      ]
    ],
    "v_proj": [
      [
        0.0,
        2071.2353515625,
        20.18994140625
      ],
      [
        2071.2353515625,
        0.0,
        2091.42529296875
      ],
      [
        20.18994140625,
        2091.42529296875,
        0.0
      ]
    ]
  }
}